1010
1036
1041
1041
1042
1042
1042
1042
1042
1042
1042
1042
1042
1042
1042
1042
1047
1047
1052
1052
1057
1057
1062
1067
1078
1085
1096
1098
1100
1100
1100
1100
1100
1100
1100
1100
1100
1100
1100
1100
1105
1108
1108
1108
1108
1108
1108
1108
1108
1108
1111
1112
1112
1113
1113
1114
1114
1116
1118
1118
1123
1123
1128
1134
1134
1135
1135
1135
1135
1135
1135
1135
1135
1135
1136
1136
1140
1140
1141
1145
1145
1149
1149
1149
1149
1149
1149
1149
1150
1154
1154
1159
1159
1164
1167
1175
1181
1182
1182
1193
1193
1198
1198
1201
1203
1203
1207
1207
1207
1207
1207
1207
1207
1207
1207
1207
1207
1207
1207
1207
1208
1208
1209
1213
1213
1218
1218
1219
1223
1223
1224
1226
1226
1228
1228
1230
1233
1233
1236
1238
1238
1242
1243
1243
1246
1246
1246
1246
1246
1246
1246
1246
1246
1246
1246
1246
1246
1246
1246
1246
1246
1246
1246
1246
1246
1246
1246
1246
1248
1248
1252
1252
1253
1253
1258
1258
1263
1263
1267
1267
1267
1267
1267
1267
1267
1267
1267
1267
1267
1267
1267
1267
1267
1267
1267
1268
1268
1269
1270
1273
1273
1274
1278
1278
1279
1281
1283
1283
1288
1288
1291
1293
1293
1294
1296
1298
1298
1298
1300
1300
1302
1303
1303
1308
1308
1313
1313
1315
1318
1318
1318
1318
1318
1318
1318
1318
1318
1318
1318
1318
1318
1318
1320
1323
1323
1328
1328
1330
1331
1332
1333
1334
1343
1350
1351
1353
1354
1355
1359
1362
1363
1364
1366
1367
1371
1372
1374
1377
1380
1382
1383
1386
1387
1388
1392
1393
1394
1397
1398
1424
1424
1424
1424
1424
1424
1424
1424
1424
1424
1424
1424
1424
1424
1424
